POW   265BCC7E
OSC   A6BEF07E
SPD   68E5907E

50 bit


uint16_t rawData[99] = {8926, 4490,  520, 1702,  520, 590,  522, 592,  496, 616,  498, 612,  524, 592,  522, 566,  546, 590,  524, 588,  498, 1726,  522, 1702,  522, 1702,  520, 1704,  496, 1726,  498, 1728,  496, 1728,  524, 1700,  496, 1728,  522, 1700,  498, 616,  544, 568,  522, 592,  496, 616,  524, 590,  522, 590,  522, 590,  498, 614,  498, 1728,  522, 1702,  494, 1728,  496, 1726,  522, 1700,  524, 1700,  498, 1726,  522, 1702,  500, 614,  514, 598,  524, 590,  522, 592,  496, 614,  500, 616,  496, 616,  522, 590,  522, 1704,  522, 1700,  524, 1700,  518, 1706,  520, 1702,  524};  // UNKNOWN 68E5907E


uint16_t rawData[99] = {8930, 4488,  498, 1726,  524, 588,  524, 590,  498, 616,  524, 588,  552, 562,  522, 568,  524, 612,  522, 566,  548, 1678,  544, 1702,  524, 1700,  522, 1700,  524, 1674,  548, 1700,  526, 1698,  500, 1724,  526, 1698,  524, 588,  524, 590,  498, 1728,  524, 586,  526, 588,  522, 590,  524, 590,  524, 588,  528, 1696,  524, 1702,  522, 590,  526, 1700,  526, 1698,  524, 1698,  500, 1724,  500, 1724,  498, 614,  500, 614,  500, 1722,  526, 588,  500, 612,  524, 590,  498, 614,  500, 612,  526, 1700,  526, 1674,  524, 614,  498, 1726,  522, 1700,  524, 1702,  498};  // UNKNOWN A6BEF07E
uint16_t rawData[99] = {8926, 4494,  520, 1702,  498, 616,  524, 590,  522, 592,  520, 594,  494, 616,  496, 616,  496, 616,  522, 590,  520, 1704,  498, 1726,  522, 1704,  520, 1700,  500, 1726,  520, 1702,  498, 1724,  524, 1702,  522, 1700,  522, 590,  498, 616,  522, 1702,  524, 588,  498, 616,  522, 590,  496, 620,  496, 614,  524, 1702,  522, 1704,  520, 590,  522, 1702,  522, 1700,  524, 1700,  522, 1702,  520, 1702,  520, 592,  496, 618,  498, 1726,  524, 590,  512, 600,  520, 592,  524, 590,  496, 616,  520, 1702,  522, 1702,  522, 592,  522, 1700,  498, 1724,  498, 1726,  496};  // UNKNOWN A6BEF07E

uint16_t rawData[99] = {8904, 4516,  524, 1698,  522, 566,  522, 616,  526, 586,  500, 612,  500, 590,  550, 562,  526, 612,  500, 612,  500, 1724,  524, 1700,  498, 1724,  524, 1698,  500, 1724,  500, 1724,  526, 1698,  500, 1726,  500, 1724,  500, 612,  506, 608,  524, 588,  522, 590,  526, 588,  528, 586,  502, 612,  498, 614,  526, 1698,  526, 1702,  522, 1700,  524, 1700,  524, 1696,  526, 1698,  526, 1698,  524, 1700,  498, 612,  524, 590,  524, 586,  524, 588,  526, 588,  498, 614,  526, 588,  524, 588,  524, 1700,  524, 1674,  524, 1724,  500, 1724,  522, 1700,  524, 1702,  524};  // UNKNOWN 265BCC7E
uint16_t rawData[99] = {8906, 4512,  500, 1726,  522, 588,  524, 590,  524, 588,  498, 614,  522, 590,  522, 590,  524, 590,  522, 590,  502, 1722,  524, 1700,  500, 1722,  500, 1722,  504, 1722,  498, 1722,  524, 1700,  522, 1702,  522, 1702,  522, 588,  524, 590,  522, 592,  524, 588,  524, 566,  546, 588,  498, 616,  526, 588,  498, 1724,  524, 1700,  522, 1700,  524, 1698,  524, 1700,  498, 1726,  524, 1698,  522, 1700,  500, 614,  500, 614,  498, 614,  526, 564,  548, 588,  498, 614,  498, 614,  500, 590,  548, 1698,  524, 1674,  546, 1700,  500, 1724,  522, 1698,  524, 1678,  544};  // UNKNOWN 265BCC7E



